72 13.8889
72 13.8889
72 13.8889
72 13.8889
72 13.8889
72 13.8889
72 13.8889
71 14.0845
71 14.0845
72 13.8889
71 14.0845
71 14.0845
72 13.8889
72 13.8889
72 13.8889
71 14.0845
72 13.8889
72 13.8889
72 13.8889
72 13.8889
72 13.8889
72 13.8889
72 13.8889
72 13.8889
71 14.0845
72 13.8889
72 13.8889
72 13.8889
72 13.8889
72 13.8889
71 14.0845
72 13.8889
72 13.8889
72 13.8889
72 13.8889
72 13.8889
72 13.8889
72 13.8889
72 13.8889
71 14.0845
72 13.8889
72 13.8889
72 13.8889
72 13.8889
71 14.0845
71 14.0845
72 13.8889
72 13.8889
72 13.8889
72 13.8889
